1.4725 1.6353
0.93065 1.8861
0.92237 2.0803
0.70466 1.789
1.0484 1.6608
1.1221 2.0103
1.3063 2.0604
1.1804 2.1076
1.147 2.0821
1.0619 2.036
1.2743 2.2145
1.0956 1.93
0.74145 2.292
0.75929 1.957
0.80396 1.6838
1.1237 2.5737
1.3532 2.0867
1.2727 2.0144
1.4748 2.1159
1.0585 1.9829
1.1388 2.4112
1.2607 2.0196
0.98106 1.7447
0.85222 2.0415
0.97721 2.0602
1.2321 2.2872
1.2707 1.9219
1.1581 1.8229
1.2224 1.761
0.80763 1.9888
0.5461 1.9683
1.2567 1.4597
1.4014 2.1387
0.46612 2.1523
0.99171 2.0793
1.0299 1.9684
1.1329 1.6098
0.63483 2.2648
1.3868 2.089
1.0788 1.8651
1.1528 1.9413
1.0001 2.1204
1.2663 1.9443
0.72625 1.595
0.82474 1.8876
0.80667 2.0415
0.9707 1.9573
0.97023 1.9234
1.1783 2.418
0.63011 2.2214
1.0065 1.8963
0.66239 1.7271
1.1612 1.875
1.2279 2.1968
1.014 2.3621
0.77558 2.5266
0.99073 1.6239
0.92719 2.0491
1.2383 1.9909
1.069 1.5167
0.94306 1.8817
0.89495 1.9232
1.0656 2.1086
0.61848 2.2326
0.87275 2.2093
1.1676 2.2137
1.4132 1.9109
1.0634 2.1492
1.5974 2.3628
1.1592 1.7153
1.2399 2.5241
0.99742 2.127
0.8624 2.3083
1.12 1.9227
1.0013 2.2969
0.69184 2.1527
0.75775 2.4765
1.2558 1.5593
0.99689 1.8695
1.3778 2.3788
1.3646 1.7695
1.0193 1.7467
0.85308 2.1417
1.1792 1.5742
0.96343 2.0678
0.99958 1.9869
0.90983 1.7716
0.85739 2.1837
1.0436 2.3407
0.91211 1.4594
1.1072 1.6327
1.2367 2.306
1.1315 1.8385
1.2235 1.9696
0.74808 1.9648
1.1457 1.8953
0.91069 2.0469
1.1868 2.3312
1.3657 1.8794
0.84448 1.9605
1.9906 1.1778
1.6732 0.92631
1.9935 0.98824
1.7856 1.0881
2.3957 1.0196
2.151 0.70345
1.8935 0.97076
2.1331 0.69518
1.9541 1.1349
1.7688 0.83035
1.5362 1.2346
1.6942 0.90485
2.087 0.50252
2.0784 1.0121
2.1287 0.84955
2.1238 0.89911
2.1486 0.94695
1.9402 1.1825
2.0507 0.94888
2.0408 1.0544
1.5132 0.54269
1.9377 1.287
1.9265 1.3477
2.0078 1.0356
1.8267 0.83201
1.4462 0.96434
2.3454 1.113
1.8175 1.0053
2.2003 1.1046
1.9884 0.81006
1.9015 1.0971
1.8871 1.089
1.5905 0.90546
2.4066 0.82729
2.4414 0.7505
1.8002 1.0066
2.146 1.6814
2.1512 1.0531
2.4437 1.2696
2.032 0.8161
1.5239 0.83328
2.4061 1.0323
2.0406 1.1132
1.9586 1.1409
2.0149 0.83333
1.8217 0.97798
1.599 1.3281
1.7718 0.95982
2.0128 0.7316
2.0457 1.0902
2.0794 0.99612
1.6649 0.84954
2.1013 0.4119
1.9423 1.0571
1.5528 1.0019
1.7925 1.0939
1.8892 1.2303
2.2318 1.3152
2.3933 1.0964
1.9024 1.2203
1.8088 0.80925
1.965 1.0463
1.9429 0.91632
2.3389 0.85467
1.8127 1.0932
2.1589 0.69546
1.9154 0.89359
2.3198 1.1959
1.7261 1.3841
2.1305 1.0611
2.2848 1.2548
2.0532 1.0666
2.4711 1.0314
1.7707 0.9073
2.0645 0.6805
1.4318 1.215
2.2582 0.66628
1.8195 0.62512
1.868 0.77103
1.9121 1.1915
1.8452 0.77805
1.8756 1.3015
2.0247 1.0334
1.9367 0.74601
2.03 0.68288
2.2361 1.0896
2.2684 1.3222
2.0339 0.96684
1.8441 0.97539
1.8699 1.0753
1.818 1.0372
1.9935 0.99611
2.3734 1.0542
2.364 1.3142
1.992 1.1535
2.2045 1.3253
2.1953 1.2264
2.0941 1.1922
2.0848 1.268
1.7771 1.101
